-1.136551086922035214e+00 -9.800569548206465864e-01
-1.055937611471499338e+00 -1.162254785848876315e+00
-1.015566015992716231e+00 -1.127117490501353902e+00
-1.085075845774525538e+00 -1.048821170951345971e+00
-1.204271985926641308e+00 -1.051421240117700995e+00
-8.021405228234277374e-01 -1.196253522414653103e+00
-1.087157965054853070e+00 -1.143192970011553511e+00
-9.683988674651208273e-01 -1.087995857846005832e+00
-1.101630637377860156e+00 -1.141290421138293487e+00
-9.594975622922656822e-01 -9.682690724631384249e-01
-7.852535619189617844e-01 -1.294055870242337036e+00
-1.188034649264728682e+00 -1.220559939982807984e+00
-1.172385433768351026e+00 -1.193754104078471601e+00
-1.149568856990127674e+00 -1.141779219682584445e+00
-1.046679696911033464e+00 -1.039563011937286729e+00
-1.140118524517516274e+00 -1.070462806607965334e+00
-1.000840016905913732e+00 -9.733717222965553306e-01
-8.891708138510004966e-01 -1.102544803794138772e+00
-7.939840417683308171e-01 -9.735834830281626662e-01
-8.231072576234497173e-01 -1.142554714898833756e+00
-1.078990345701963616e+00 -9.863312304604553438e-01
-1.059928842622902767e+00 -1.168613657485657598e+00
-1.035668365521827283e+00 -1.116060045975244330e+00
-1.099996665420957420e+00 -8.727091178842898422e-01
-1.097020231205800833e+00 -1.145998097636191648e+00
-1.000194979605791623e+00 -1.061332394094015363e+00
-1.127124788359897600e+00 -1.056922291983790174e+00
-1.082045975297846185e+00 -1.042817727561047736e+00
-1.337025275395698376e+00 -1.105861783717133173e+00
-1.008134536427531369e+00 -1.019366872350097264e+00
-1.125749540045824171e+00 -8.902468350877992265e-01
-1.158693968170182886e+00 -8.311136885379857286e-01
-9.367054399893812722e-01 -1.235170082843701111e+00
-1.166583496090970451e+00 -9.892626111927733668e-01
-9.901927546310939077e-01 -1.168693362533733904e+00
-1.202636598284015701e+00 -1.065443953060503324e+00
-1.166074986036294669e+00 -1.215205574717250103e+00
-1.219500758204427937e+00 -1.134507885787058079e+00
-1.199784194233572743e+00 -1.118807590602831636e+00
-9.777918854022351614e-01 -1.065295459362780361e+00
-9.331265252314455694e-01 -1.038748814213204197e+00
-1.040196565681450691e+00 -1.176362694681722720e+00
-1.105755315382675574e+00 -8.798046053747422546e-01
-8.065339308311825217e-01 -1.201389411362000503e+00
-1.152959390276406593e+00 -1.280711716996619343e+00
-8.336027108719297196e-01 -1.093466017405229307e+00
-1.034168426159143728e+00 -9.780691796776072033e-01
-8.908329833540112874e-01 -1.301366819573402500e+00
-8.501061197189648810e-01 -1.069019647383689264e+00
-8.448509565208836003e-01 -1.072821483610739257e+00
-1.109828690117207417e+00 -8.069402243641855543e-01
-1.022648149475024804e+00 -8.991435431857647265e-01
-1.031543450470034262e+00 -1.178167481465842492e+00
-1.035994722596417006e+00 -1.137744742337756021e+00
-1.035807075687281475e+00 -9.622685258253247387e-01
-1.223160106127426205e+00 -1.141440346373276959e+00
-9.797692583163815083e-01 -1.061756095087772467e+00
-1.064632867070390176e+00 -1.183872113390255665e+00
-1.058697361966248973e+00 -1.253121860101021223e+00
-9.967267542552251669e-01 -1.043797731814993357e+00
-1.162091006841001972e+00 -9.596779554367276255e-01
-8.829005453372628098e-01 -1.141803227620883598e+00
-1.348652920853411041e+00 -9.694706954117755515e-01
-1.025808199622906480e+00 -9.615518125413123895e-01
-1.137411203927934045e+00 -1.164790211132699538e+00
-1.029138908195885938e+00 -1.127513500540498592e+00
-7.979629997731694235e-01 -9.408044394992225445e-01
-1.112704357351699036e+00 -1.046518165863996153e+00
-9.849657764564034856e-01 -1.161899260988869864e+00
-8.623279256749799560e-01 -1.043962480262438097e+00
-1.139183358740973429e+00 -1.159977352261590156e+00
-1.052430131506186139e+00 -9.732407278759531710e-01
-7.848312185869652513e-01 -1.243661756310255662e+00
-1.187257976554390027e+00 -1.197657926549785756e+00
-1.063386926348895312e+00 -1.045879186953931672e+00
-9.310814383746924827e-01 -1.279267711492912296e+00
-9.143543528883281146e-01 -1.071282426621886996e+00
-1.179078557504935842e+00 -1.042016604776022648e+00
-1.165876490736443838e+00 -1.150656650550648363e+00
-1.064113552778252370e+00 -9.644218591588054057e-01
-1.014031391094433410e+00 -1.292186695611875491e+00
-1.278687723070238702e+00 -1.116638965463127686e+00
-1.072437388634409405e+00 -9.123747024310069342e-01
-8.181101193206617994e-01 -9.007251388411912085e-01
-1.309440864461958620e+00 -1.091776249067273108e+00
-1.132712155031760481e+00 -1.088770613404510534e+00
-1.030782417055604361e+00 -1.096068902085512331e+00
-9.439237775883418946e-01 -1.202090225645610744e+00
-1.125353987017645885e+00 -1.014018804243671745e+00
-9.120416244374572878e-01 -1.033595140817311409e+00
-1.054595680033053151e+00 -9.829906611394145788e-01
-1.127136489568759892e+00 -1.057887314949205182e+00
-1.101987886629025359e+00 -1.245822033547516083e+00
-1.091281215508394853e+00 -9.501765864407100137e-01
-1.012378174648247420e+00 -1.085660090898047825e+00
-1.244153202787542156e+00 -1.127291378237100794e+00
-1.107955620548409348e+00 -1.271688500673989086e+00
-9.723405286157229543e-01 -1.053383145886918948e+00
-1.030328191327250842e+00 -9.996323632210433185e-01
-1.327731813701694907e+00 -1.142252945878712733e+00
-1.984987965388024522e-01 -2.111450180389622400e-01
1.787484292667008423e-01 -1.166473011562527418e-01
-1.506512669441782970e-01 -3.656754374500408300e-01
-1.552659365449131912e-01 2.978484100626806186e-02
-1.473705836342912301e-01 -2.173355805787922646e-01
3.696856854548354332e-01 -1.454602326916483723e-01
2.795260708450575914e-03 1.107385612658664392e-01
-1.223135109572885959e-01 1.006462929261663225e-01
-6.550600246250674885e-02 1.338907031467670150e-01
-7.700328176635516664e-02 -5.054873744721581907e-01
-4.164823924692922369e-02 -6.958504885294918008e-02
-1.267586626833037411e-01 3.854022275637227768e-01
-4.500032517355407324e-01 2.152820987575003453e-02
-3.828788351776798993e-02 -2.675295198235914107e-01
-2.712423599636141214e-01 1.078606002413273583e-02
4.079321461288185069e-02 8.918916198676662965e-02
-1.975031893181738440e-01 2.264570143999728169e-01
1.170519763692460247e-01 -8.925045793691965823e-02
2.862776505462413246e-01 -1.083300493105149864e-01
-8.651448395566277427e-02 -4.127604775951023708e-01
-7.139181828035813526e-02 -5.096700967038007013e-01
1.124111284753030876e-01 -2.404160845767265020e-01
1.926280011824924310e-01 3.539480745914607568e-02
-2.822314321909240586e-01 2.885087433542501967e-01
-6.507250202237234438e-02 -4.951531750355228079e-01
1.904811883992371113e-01 -4.708384070531196897e-01
1.726209255341427107e-01 -4.342423357304431297e-02
-2.125785925109748842e-01 3.506657313596469594e-01
-4.046058568613278977e-02 -5.085509048758414252e-01
-2.190715115668327995e-01 -6.545365948099903797e-01
-6.721150717024897414e-01 3.068187580166552020e-01
-2.161020107606791141e-02 -5.049610977422863689e-01
-2.135548365797360348e-01 2.285392574808892130e-02
-2.173989046388103974e-01 -1.213087696634361223e-01
-3.586297863610987680e-02 -5.055633125179996856e-01
-1.688590349936855417e-01 -1.403341664895765006e-01
-1.526049147775170207e-02 -7.190876898412847107e-02
-3.097171206027384827e-01 1.364770638425693572e-01
-1.923918088344296895e-01 -7.553817902529132156e-02
-4.844829022925124518e-01 -4.102758642979419945e-01
-4.350460635560952083e-01 -2.050174485496576715e-01
1.152023344726282178e-01 -8.413054428608292279e-02
-4.782766232413105945e-01 -4.428526539809282681e-01
2.264223239428043155e-01 -3.396476039359283550e-02
-2.714261047180384079e-01 -1.178606336812170752e-01
-1.542252723600695263e-01 -2.302544778721651586e-01
5.880419261892530676e-03 -2.763357746252949609e-01
1.592583618098529774e-01 4.382392329179971568e-01
-1.118861812819424428e-01 -3.947563252961015096e-02
8.927134783655438222e-02 -1.661098658207259618e-02
1.403101521899847270e+00 1.605728932242763696e+00
1.104279392799714099e+00 9.561555021371436203e-01
9.393024490867397658e-01 6.185414291164574863e-01
1.388580882874809186e+00 1.015788972918967081e+00
1.402304695753761488e+00 1.223418653973437742e+00
1.295561203242982629e+00 9.148057566693310605e-01
1.378435577042264937e+00 1.465388153415933203e+00
1.150129289045343617e+00 1.382061228929079677e+00
1.076367751104344128e+00 1.224931398549412354e+00
1.325137361645057243e+00 9.126020959398447596e-01
1.073578470590059508e+00 1.172406814433194278e+00
9.620496370042648238e-01 1.347818277071453075e+00
1.161253100198367250e+00 8.631866335841998916e-01
1.383363201165367373e+00 9.896996979826833130e-01
1.461356459266487162e+00 6.673960578901078078e-01
1.374211773332535191e+00 1.021859407717640611e+00
6.346481839377181577e-01 1.013980487377667217e+00
1.309671417052938658e+00 1.324219702411412403e+00
1.416488889038694188e+00 6.087814786640178832e-01
8.430416513886194174e-01 8.751615162822414806e-01
1.147553171142253081e+00 1.130585118054150628e+00
1.310962294265386463e+00 1.482415997625468940e+00
8.310372553096899706e-01 1.433440908683343729e+00
1.086536295511402406e+00 1.109372769871654674e+00
1.372211320714439520e+00 1.198870655095552795e+00
1.082470655157790507e+00 1.154327199557580341e+00
1.105558076510882559e+00 8.045149845457731930e-01
1.411083604633677879e+00 8.185807290410900272e-01
7.983208101325177664e-01 1.129970127624501108e+00
1.481732904736542844e+00 1.062512958882076974e+00
1.019769336642645907e+00 6.183582131394075310e-01
8.161030866595317956e-01 1.511746939800028500e+00
1.009391381622523731e+00 1.147174299126805241e+00
1.297309009194282270e+00 8.069768605497714686e-01
1.535499695295243772e+00 1.239500069092708712e+00
1.253276777798437713e+00 1.529410716081050614e+00
1.076525634219355432e+00 1.186968789120648182e+00
9.862314923646728904e-01 1.126939120435725528e+00
1.080485396295626899e+00 1.303472267428950504e+00
1.009413596586895778e+00 1.108414411131770416e+00
1.234689281737422428e+00 2.469549064699489427e-01
1.422876233761997788e+00 9.660815481926896542e-01
1.261967991201049299e+00 7.990007523153908053e-01
9.231302529684969338e-01 1.552940655572853990e+00
9.988646348642383765e-01 1.039026240948808910e+00
1.214684719453653861e+00 9.590483293928145914e-01
1.210139744629926239e+00 9.661408354027810619e-01
1.158684634202281183e+00 1.162200896049419674e+00
1.658761800593049118e+00 1.347493705262871933e+00
1.090615355895180549e+00 9.840219094714908188e-01
8.709300857052111322e-01 7.870968902409728463e-01
1.360742993854624938e+00 1.345501757144040411e+00
1.480974915062825303e+00 9.500151593228758351e-01
9.635192773042311476e-01 9.837829937082962495e-01
1.377862788750252365e+00 1.215036183062961017e+00
1.109848335617887427e+00 1.029597583728368848e+00
1.161697567156664057e+00 9.851458251640268227e-01
1.187906865038797832e+00 9.316830714800556912e-01
1.134674055113898739e+00 1.313800133563563843e+00
1.127836976493947097e+00 1.071389366400942178e+00
9.628115161779368103e-01 1.266123584736381869e+00
1.155454947044989744e+00 1.429012192474268694e+00
9.298160144786742354e-01 1.502305333716814184e+00
1.007002419710133934e+00 1.193544000122405802e+00
7.243361903954068648e-01 1.418215657077111835e+00
8.013263721936947359e-01 1.377891198768675718e+00
4.693175024431514020e-01 9.898447730667905287e-01
1.140562405759574904e+00 1.045135500852025334e+00
1.327788018464822972e+00 1.565998214388899301e+00
1.363153745034526132e+00 1.180046531796715481e+00
1.001395602184688816e+00 1.006515835224665256e+00
1.152530455381026275e+00 1.465117872486854100e+00
7.543991472695050771e-01 9.045056171416450130e-01
1.384102986976998295e+00 1.268191418308897145e+00
5.635223848905190902e-01 1.144305081697815307e+00
8.044290025377033304e-01 9.472339217372259812e-01
8.279842321476111877e-01 7.047892714477062004e-01
1.215246959773286006e+00 1.524062369851429732e+00
1.173852122190412794e+00 1.227041796927448747e+00
1.041341566725699774e+00 8.032566419130096058e-01
1.114418111515409926e+00 1.035835000629155234e+00
1.400432944229704102e+00 1.451322662746701075e+00
1.345136033520386132e+00 9.756630797160992241e-01
1.293119788847172824e+00 7.728192113575446109e-01
1.341930544273869375e+00 1.402227796447243824e+00
1.258905950285805764e+00 1.307658555041771198e+00
1.171689603373533117e+00 9.204840536910605664e-01
1.129406040194218530e+00 1.352254473320332995e+00
1.085883989419660578e+00 9.296867148987666418e-01
8.634321245503782105e-01 1.263399687543879768e+00
1.242647937074984110e+00 1.357161464128565642e+00
8.288912002084898312e-01 9.448882307671954139e-01
8.734759558060855023e-01 1.076859187985255595e+00
1.009138346496184280e+00 1.337246644232273907e+00
9.224027670220680264e-01 8.505740609784046002e-01
1.205503053163221594e+00 1.117735813341141027e+00
1.312405726633462999e+00 1.221751493760267371e+00
1.210409821069440728e+00 6.602879724602372935e-01
1.013357641583795266e+00 1.094746107778838962e+00
1.062536118640762695e+00 1.032228300107700392e+00
